#Traveling Salesman Problem
#Time | Max fitness achieved
4817016 3243414.907734269
8260136 3243414.907734269
8260136 3237838.4405114134
11769646 3237838.4405114134
11769646 3226897.55587048
21582731 3226897.55587048
21582731 3200447.008768295
22901571 3200447.008768295
22901571 3190490.8237549164
41205460 3190490.8237549164
41205460 3187483.509330177
50069768 3187483.509330177
50069768 3162047.241508959
60673913 3162047.241508959
60673913 3161717.0865723654
150029996 3161717.0865723654
150029996 3156610.7998446296
193921489 3156610.7998446296
193921489 3153099.0597318457
346932081 3153099.0597318457
346932081 3121151.4198904056
1080492366 3121151.4198904056
